0
0
0
0
0
0
0
0
0
0
0
0
0
0
0
0
0
0
0
0
0
0
0
0
0
0
0
0
0
0
0
0
0
0
0
0
0
0
0
0
0
0
0
0
0
0
0
0
0
0
0
0
0
0
0
0
0
0
0
0
0
0
0
0
0
0
0
0
0
0
0
0
0
0
0
0
0
0
0
0
0
0
0
0
0
0
0
0
246466309734790414048925279366552818383913196637589043028
43170933808
0
0
0
0
0
0
0
0
0
0
0
0
0
0
0
0
0
0
0
0
0
0
0
0
0
0
0
0
0
0
0
0
0
0
0
0
0
0
0
0
0
0
0
0
0
0
0
0
0
0
0
0
0
0
0
0
0
0
0
0
0
0
0
0
0
0
0
0
0
0
0
0
0
0
0
0
0
0
0
0
0
0
0
0
0
0
0
0
0
0
0
0
0
0
0
0
0
0
0
0
0
0
0
0
0
0
0
0
0
0
0
0
0
0
0
0
0
0
0
0
0
0
0
0
0
0
0
0
0
0
0
0
0
0
0
0
0
0
0
0
0
0
0
0
0
0
0
0
0
0
0
0
0
0
0
0
0
0
0
0
0
0
0
0
0
0
0
0
0
0
0
0
0
0
0
0
0
0
0
0
0
0
0
0
0
0
0
0
0
0
0
0
0
0
0
0
0
0
0
0
0
0
0
0
0
0
0
0
0
0
0
0
0
0
0
0
0
0
0
0
0
0
0
43170933809
0
0
0
0
0
0
0
0
0
0
0
11051775896625
0
0
11051775896626
0
0
0
0
11051792673842
0
0
11051792673843
0
0
11051809451059
0
11051809451060
0
0
11051826228276
11051826228277
0
0
11051843005493
11051843005494
0
11051859782710
0
11051859782711
0
11051876559927
0
11051876559928
0
11051893337144
11051893337145
0
11051910114361
2829288989274161
724288102845919281
724288102845919537
724289202357547313
724289202357547569
724290301869175345
724290301869175601
724291401380803377
724291401380803633
724292500892431409
724292500892431665
724293600404059441
724293600404059697
724294699915687473
724294699915687729
724295799427315505
724295799427315761
724296898938943537
724296898938943793
724297998450571569
724297998450569266
724288107140886578
724288107140886834
724289206652514610
724289206652514866
724290306164142642
724290306164142898
724291405675770674
724291405675770930
724292505187398706
724292505187398962
724293604699026738
724293604699026994
724294704210654770
724294704210655026
724295803722282802
724295803722283058
724296903233910834
724296903233911090
724298002745538866
724298002745536563
724288111435853875
724288111435854131
724289210947481907
724289210947482163
724290310459109939
724290310459110195
724291409970737971
724291409970738227
724292509482366003
724292509482366259
724293608993994035
724293608993994291
724294708505622067
724295808017250099
724296907528878131
724296907528878387
724298007040503860
724288115730821172
724289215242449204
724290314754077236
724291414265705268
724292513777333300
724292513777333556
724294712800589364
724294712800589620
724295812312217652
724296911823845684
724298011335473460
724288120025788469
724289219537416501
724290319049044533
724291418560672565
724292518072300597
724293617583928629
724294717095556661
724295816607184693
724296916118812725
724298015630440757
724288124320756022
724289223832384054
724290323344012086
724291422855640118
724292522367268150
724294721390523958
724295820902151990
724296920413780022
724298019925408054
724288128615723063
724289228127351095
724290327638979127
724291427150607159
724293626173863223
724294725685491255
724295825197119287
724296924708747319
724298024220375351
724288132910690616
724290331933946424
724291431445574456
724292530957202488
724293630468830520
724295829492086584
724296929003714616
724298028515342648
724288137205657913
724290336228913721
724291435740541753
724292535252169785
724294734275425849
724295833787053881
724296933298681913
47466944831037463605297
47467016888631501598769
47467161003819577585713
47467305119007653572657
47467377176601691566129
47467521291789767553073
47466945112512440316209
47467089227700516237617
47467161285294554296625
47467305400482630283569
47467449515670706270513
47467521573264744263985
47466945393987417027121
47467089509175493014065
47467233624363569001009
47467377739551644987953
47467449797145682981425
47467593912333758968369
47467017733056431731505
47467089790650469790513
47467233905838545711921
47467378021026621698865
47467522136214697685809
47466945956937370448945
47467018014531408507953
47467162129719484429361
47467306244907560416305
47467450360095636403249
47467522417689674462257
47466946238412347159857
47467090353600423146801
47467234468788499133745
47467306526382537192753
47467450641570613114161
47467594756758689101105
47467018577481361864241
47467090635075399857713
47467234750263475844657
47467378865451551831601
47467522980639627818545
47467595038233665812017
47467018858956338575153
47467162974144414562097
47467307089332490483505
47467379146926528542513
47467523262114604529457
47466947082837277292593
47467019140431315286065
47467163255619391273009
47467307370807467259953
47467379428401505253425
47467523543589581240369
47466947364312254003505
47467019421906291996977
47467163537094367983921
47467307652282443970865
47467379709876481964337
47467523825064557951281
47467595882658595944753
47467016889731013226546
47467161004919089147954
47467233062513127206962
47467377177701203193906
47467449235295241187378
47467521292889279246386
47466945113611951943986
47467017171205989937458
47467161286394065924402
47467233343988103917874
47467305401582141976882
47467377459176179970354
47467521574364255957298
47467593631958293295666
47466945395086928720434
47467089510275004707378
47467161567869042700850
47467233625463080694322
47467377740651156615730
47467449798245194674738
47467521855839232668210
47467593913433270006578
47467017734155943359282
47467089791749981418290
47467161849344019411762
47467233906938057405234
47467378022126133326642
47467450079720171320114
47467522137314209313586
47467594194908247307058
47466945958036882142258
47467018015630920135730
47467090073224958129202
47467162130818996122674
47467234188413034116146
47467306246007072109618
47467378303601110103090
47467450361195148096562
47467522418789186090034
47466946239511858787634
47466946239511858853170
47467018297105896846642
47467090354699934840114
47467162412293972833586
47467234469888010827058
47467306527482048820530
47467378585076086814002
47467450642670124807474
47467522700264162735410
47467594757858200728882
47466946520986835498546
47466946520986835564082
47467018578580873557554
47467090636174911485490
47467162693768949478962
47467162693768949544498
47467234751362987537970
47467306808957025465906
47467378866551063459378
47467378866551063524914
47467450924145101452850
47467522981739139446322
47467522981739139511858
47467595039333177439794
47467595039333176850226
47466946802461812209458
47467018860055850202930
47467018860055850268466
47467090917649888196402
47467090917649888261938
47467162975243926189874
47467162975243926255410
47467235032837964183346
47467235032837964248882
47467307090432002176818
47467307090432002242354
47467379148026040170290
47467379148026040235826
47467451205620078163762
47467451205620078229298
47467523263214116157234
47467523263214116222770
47467595320808154150706
47467595320808153561138
47466947083936788920370
47466947083936788985906
0
0
47467019141530826913842
0
0
0
0
0
0
0
0
0
0
0
0
0
0
0
0
0
0
47466947083936788985906
0
0
0
0
47466947083936788920370
0
47467595320808153561138
0
47467595320808154150706
0
0
47467523263214116222770
0
47467523263214116157234
0
0
47467451205620078229298
0
47467451205620078163762
0
47467379148026040235826
0
0
47467379148026040170290
0
47467307090432002242354
0
47467307090432002176818
0
0
47467235032837964248882
0
47467235032837964183346
0
0
47467162975243926255410
0
47467162975243926189874
0
47467090917649888261938
0
0
0
47467090917649888196402
0
47467018860055850268466
0
0
47467018860055850202930
0
0
0
47466946802461812274994
0
47466946802461812209458
0
0
0
47467595039333176850226
0
0
47467595039333177439794
0
47467522981739139511858
0
0
0
47467522981739139446322
0
47467450924145101518386
0
0
47467450924145101452850
0
0
47467378866551063524914
0
47467378866551063459378
0
47467306808957025531442
0
47467306808957025465906
47467234751362987537970
0
47467234751362987472434
47467162693768949544498
47467162693768949478962
47467090636174911551026
47467090636174911485490
0
47467018578580873557554
47467018578580873492018
47466946520986835564082
0
47466946520986835498546
47467594757858200139314
47467594757858200728882
47467522700264162800946
47467522700264162735410
47467450642670124807474
47467450642670124741938
47467378585076086814002
47467378585076086748466
47467306527482048820530
47467306527482048754994
47467234469888010827058
47467234469888010761522
47467162412293972833586
47467162412293972768050
47467090354699934840114
47467090354699934774578
47467018297105896846642
47467018297105896781106
47466946239511858853170
47466946239511858787634
47467594476383223428402
47467594476383224017970
47467522418789186090034
47467522418789186024498
47467450361195148096562
47467450361195148031026
47467378303601110103090
47467378303601110037554
47467306246007072109618
47467306246007072044082
47467234188413034116146
47467234188413034050610
47467162130818996122674
47467162130818996057138
47467090073224958129202
47467090073224958063666
47467018015630920135730
47466945958036882142258
47467594194908246717490
47467522137314209379122
47467450079720171385650
47467378022126133392178
47467378022126133326642
47467305964532095333170
47467233906938057339698
47467161849344019411762
47467089791749981418290
47467017734155943424818
47466945676561905431346
47467593913433270006578
47467521855839232668210
47467449798245194674738
47467377740651156681266
47467305683057118687794
47467233625463080694322
47467161567869042700850
47467089510275004707378
47467017452680966713906
47466945395086928720434
47467593631958293295666
47467521574364255957298
47467449516770217963826
47467377459176179970354
47467305401582141911346
47467233343988103917874
47467089228800027996466
47467017171205990002994
47466945113611952009522
47467593350483316584754
47467521292889279246386
47467449235295241252914
47467377177701203193906
47467305120107165200434
47467233062513127206962
47467088947325051285554
47467016889731013292082
47466944832136975298610
47467595882658595944753
47467523825064557951281
47467451767470519957809
47467379709876481964337
47467235594688406042929
47467163537094367983921
47467091479500329990449
47467019421906291996977
47466947364312254003505
47467523543589581305905
47467451485995543246897
47467379428401505253425
47467307370807467259953
47467235313213429266481
47467163255619391273009
47467091198025353279537
47466947082837277292593
47467595319708642522929
47467523262114604529457
47467451204520566535985
47467379146926528542513
47467307089332490549041
47467162974144414627633
47467090916550376568625
47467018858956338575153
47466946801362300581681
47467595038233665812017
47467522980639627818545
47467450923045589825073
47467378865451551831601
47467234750263475910193
47467162692669437851185
47467090635075399857713
47467018577481361864241
47466946519887323870769
47467594756758689101105
47467522699164651107633
47467450641570613114161
47467378583976575120689
47467306526382537127217
47467234468788499133745
47467090353600423212337
47467018296006385218865
47466946238412347159857
47467594475283712390193
47467522417689674396721
47467450360095636403249
47467378302501598409777
47467306244907560416305
47467234187313522422833
47467162129719484429361
47467090072125446435889
47467018014531408442417
47466945956937370448945
47467594193808735679281
47467522136214697685809
47467450078620659692337
47467378021026621698865
47467305963432583705393
47467233905838545711921
47467089790650469790513
47467089790650469724977
47467017733056431731505
47466945675462393738033
47467521854739721040433
47467449797145682981425
47467377739551644987953
47467305681957606994481
47467233624363569001009
47467161566769531007537
47467089509175493014065
47467017451581455020593
47466945393987417027121
47467593630858782257457
47467521573264744263985
47467449515670706270513
47467377458076668277041
47467305400482630283569
47467233342888592290097
47467161285294554296625
47467089227700516368689
47467017170106478309681
47467017170106478244145
47466945112512440316209
47467521291789767618609
47467521291789767553073
47467449234195729559601
47467377176601691566129
47467305119007653572657
47467233061413615579185
47467161003819577585713
47467088946225539592241
47467016888631501598769
47466944831037463605297
724298032810309945
724296933298682169
724296933298681913
724295833787053881
724294734275426105
724294734275425849
724293634763797817
724292535252169785
724291435740542009
724291435740541753
724290336228913721
724289236717285689
724288137205657913
724288137205657657
724298028515342648
724296929003714872
724296929003714616
724295829492086584
724294729980458808
724294729980458552
724293630468830520
724292530957202744
724292530957202488
724291431445574456
724290331933946680
724290331933946424
724289232422318392
724288132910690616
724288132910690360
724298024220375351
724296924708747575
724296924708747319
724295825197119287
724294725685491511
724294725685491255
724293626173863223
724292526662235447
724292526662235191
724291427150607159
724290327638979383
724290327638979127
724289228127351095
724288128615723319
724288128615723063
724298019925405751
724296920413780278
724296920413780022
724295820902152246
724295820902151990
724294721390523958
724293621878896182
724292522367268150
724292522367267894
724291422855640118
724291422855639862
724290323344011830
724289223832384054
724289223832383798
724288124320755766
724298015630438454
724298015630440757
724296916118812725
724295816607184949
724294717095556917
724294717095556661
724293617583928885
724292518072300853
724292518072300597
724291418560672821
724290319049044789
724290319049044533
724289219537416757
724288120025788725
724288120025788469
724298011335471157
724296911823845684
724295812312217652
724295812312217396
724294712800589620
724293613288961588
724293613288961332
724292513777333556
724291414265705524
724291414265705268
724290314754077236
724289215242449460
724288115730821428
724288115730821172
724298007040506163
724296907528878387
724295808017250355
724295808017250099
724294708505622323
724293608993994291
724293608993994035
724292509482366259
724291409970738227
724290310459110195
724290310459109939
724289210947482163
724288111435854131
724288111435853875
724298002745536563
724296903233911090
724295803722283058
724295803722282802
724294704210655026
724293604699026994
724293604699026738
724292505187398962
724291405675770930
724291405675770674
724290306164142898
724289206652514866
724288107140886834
724288107140886578
724297998450569266
724296898938943793
724296898938943537
724295799427315761
724294699915687729
724294699915687473
724293600404059697
724292500892431665
724292500892431409
724291401380803633
724290301869175601
724289202357547825
724289202357547569
724288102845919537
2829288989274161
2829284694306865
11051893337145
11051876559929
11051876559928
11051859782712
11051859782711
11051843005495
11051843005494
11051826228278
11051826228277
11051809451061
11051809451060
11051809451059
11051792673843
11051792673842
11051775896626
0
0
0
43170933810
0
0
0
0
0
0
0
0
0
0
0
0
0
43170933811
0
0
11051775896627
0
0
0
0
11051792673843
11051792673844
0
0
0
0
0
0
0
0
0
0
0
0
0
0
0
0
0
0
0
0
0
0
0
0
0
0
11051775896628
11051775896627
0
0
0
0
0
0
0
0
43170933811
0
0
43170933810
0
0
0
0
0
0
43170999346
0
0
43170999345
0
0
0
0
0
0
0
0
43171064881
0
0
43171064880
0
0
0
0
0
0
0
0
0
0
43171130416
0
0
11051809386797
0
0
0
0
0
0
0
0
0
0
0
0
0
0
0
0
0
0
0
0
0
0
0
0
0
0
0
0
0
0
0
0
0
0
0
0
0
0
0
0
0
0
0
0
0
0
0
0
0
0
0
0
0
0
0
0
0
0
0
0
0
0
0
0
0
0
0
0
0
0
0
0
0
0
0
0
